35882 35769 36161 128 0 255
35882 36686 36074 128 0 255
35887 35813 35588 0 255 0
35888 35449 35552 255 0 0
33834 33524 33966 255 255 0
35901 35440 35697 255 255 0
30772 31536 31601 128 0 255
35902 35923 35621 255 255 0
36066 35911 36589 255 255 0
33852 34338 34519 255 255 0
35911 35675 35327 255 255 0
35911 35756 36589 255 255 0
38988 38688 39176 255 255 0
38988 39128 38909 255 255 0
35922 35419 35966 255 0 0
35922 35483 35419 255 0 0
35925 36002 35887 0 255 0
40027 40225 39902 255 255 0
31829 31800 32351 255 255 0
35935 35745 35670 0 255 0
34917 34681 36055 0 255 0
35935 36191 36410 0 255 0
35954 35787 36078 0 0 255
42113 41923 42305 255 255 0
35963 35636 35775 255 255 0
39057 38985 39094 0 0 255
39057 39088 38965 0 0 255
35975 35965 36086 255 0 0
35975 36086 36027 255 0 0
33944 34018 33630 255 255 0
33944 34244 34806 255 255 0
34977 35182 34905 255 255 0
35989 35907 35876 255 0 0
35989 36012 35907 255 0 0
35993 35529 35847 128 0 255
34988 34519 35327 255 255 0
34988 34878 34649 255 255 0
35994 36381 36105 255 255 0
42154 41545 42263 255 0 0
30884 30781 30559 255 255 0
30886 30476 30827 128 0 255
36000 36108 36120 0 255 0
36002 35813 35887 0 255 0
30886 30712 30326 128 0 255
38065 38336 38296 255 0 0
38066 38206 37961 128 0 255
37053 37123 37011 255 255 0
37053 37177 37342 255 255 0
40116 39983 40439 255 255 0
40117 40430 40331 255 255 0
36014 37023 36799 255 0 0
36014 37183 37023 255 0 0
39103 38943 39501 128 0 255
35011 34714 34927 255 255 0
33982 33846 34144 255 0 0
40122 40386 40309 255 255 0
40123 39675 39932 255 255 0
32955 32644 32662 255 255 0
32955 32662 33255 255 255 0
32955 32879 32644 255 255 0
32955 33154 32879 255 255 0
30913 30912 30583 255 0 0
30913 31148 31279 255 0 0
36041 35843 35656 0 0 255
35035 34416 34715 255 255 0
35035 35206 34416 255 255 0
36048 35870 36049 255 0 0
36049 35870 36026 255 0 0
36049 36026 36093 255 0 0
36050 35854 35972 255 0 0
36050 35972 36012 255 0 0
36050 35989 36073 255 0 0
31958 31263 31882 255 0 0
31958 31434 31263 255 0 0
34027 33904 33605 255 0 0
32992 32629 32743 255 255 0
32992 32743 32917 255 255 0
32992 33495 33149 255 255 0
32992 33636 33906 255 255 0
46336 46356 46544 128 0 255
36078 35787 35874 0 0 255
36079 36087 36172 255 0 0
36081 35885 36281 255 255 0
36086 36116 36027 255 0 0
33014 32742 32405 255 255 0
34065 34160 33758 255 0 0
36114 35689 35819 255 255 0
36114 35783 36258 255 255 0
34080 33255 34242 255 255 0
36119 35948 35821 255 0 0
34080 34242 34673 255 255 0
34080 33861 33627 255 255 0
36119 36964 35948 255 0 0
41268 40175 42488 128 0 255
41269 41161 41350 0 255 0
41269 41675 41181 255 255 0
41269 41918 42180 0 255 0
41269 42180 41675 255 255 0
41270 40928 40946 128 0 255
41270 41861 41393 128 0 255
41271 41622 41634 255 255 0
34098 33734 33878 255 0 0
34098 34186 34193 255 255 0
36146 36031 36135 255 255 0
36146 36135 36450 255 255 0
36146 36246 35791 255 255 0
36148 36170 36297 128 0 255
36148 36418 35897 128 0 255
36149 35060 35498 128 0 255
35122 35388 34944 0 255 0
36165 35734 35843 0 0 255
32067 31470 31778 255 255 0
32067 32274 31614 255 255 0
32067 32726 32790 255 255 0
41307 41123 41189 255 255 0
41307 41580 41373 255 255 0
36187 36690 35611 255 255 0
36194 36478 36727 128 0 255
36194 36686 35882 128 0 255
41323 41049 41286 255 255 0
40291 40549 40458 128 0 255
40293 39960 40022 255 0 0
40293 40196 40540 255 0 0
41326 41325 41680 128 0 255
41327 40882 41476 128 0 255
41327 41861 41270 128 0 255
36205 36476 36746 255 255 0
34173 33657 33904 255 0 0
36226 36279 36585 255 0 0
34175 33808 34226 0 255 0
38268 38296 38336 255 0 0
41358 41926 41481 255 0 0
30083 30326 29587 128 0 255
30083 30476 30326 128 0 255
35212 35051 35775 255 255 0
35212 35636 35436 255 255 0
35213 35352 35337 0 255 0
34194 34636 34537 255 255 0
32141 32438 32239 255 255 0
36258 36152 36464 255 255 0
36258 36331 36358 255 255 0
36259 35888 36226 255 0 0
41382 41574 40863 255 0 0
43435 43739 43709 255 255 0
41393 41786 41048 255 0 0
36288 36115 36287 255 0 0
35249 35932 35760 0 255 0
35250 35146 35293 0 255 0
35250 35326 35795 0 255 0
34236 34455 34893 255 255 0
34237 33901 33596 128 0 255
34237 34553 34297 128 0 255
34238 34071 34121 255 0 0
36304 36861 37082 0 255 0
36304 37082 36582 0 255 0
36308 36129 36607 128 0 255
36308 36592 36373 255 255 0
36310 36241 36546 255 255 0
35287 35366 35118 255 255 0
36321 36823 36905 255 0 0
36323 36222 36283 255 0 0
36323 36327 36503 255 255 0
30166 29672 30138 255 255 0
30166 29949 29672 255 255 0
36330 35977 36521 0 0 255
41457 41664 41964 255 0 0
36351 36320 36165 0 0 255
36351 36499 36369 0 0 255
36351 36183 36290 0 0 255
40445 40266 40290 128 0 255
35330 35153 35449 255 0 0
36363 36595 36287 255 0 0
35330 35449 35888 255 0 0
35332 35948 35494 255 0 0
36373 35831 36036 255 255 0
36373 36341 35775 255 255 0
36381 36780 36420 255 255 0
41497 41444 41758 255 255 0
44591 44245 44492 255 0 0
40492 40790 40446 255 0 0
40495 38146 37777 0 255 0
37420 37494 37296 255 255 0
36410 36191 36665 0 255 0
32292 32378 32582 255 0 0
38455 38469 38458 255 255 0
38455 38660 38688 255 255 0
36416 35944 36243 0 255 0
36416 36150 36167 0 255 0
32298 32087 32221 0 255 0
32298 32699 32269 255 255 0
36418 36522 35897 128 0 255
36426 36544 36636 255 255 0
42567 42267 42255 255 255 0
36431 36158 35791 255 255 0
33343 33991 33347 255 255 0
33346 33433 34072 128 0 255
33347 33991 33458 255 255 0
36443 36677 37155 255 255 0
36443 36833 36581 255 255 0
39518 39225 39389 255 0 0
32708 33176 33405 128 0 255
36465 36681 36696 255 255 0
36465 36288 36681 255 255 0
31336 32508 32026 255 0 0
31336 32755 32508 255 0 0
31337 31300 31492 255 255 0
31347 30920 31149 0 255 0
31347 31494 31750 0 255 0
37503 37665 37185 255 255 0
37503 38003 37665 255 255 0
36491 36215 36572 128 0 255
32393 33000 29647 0 255 0
42651 42414 42133 255 255 0
42651 42724 43045 128 0 255
36507 37034 36628 255 255 0
33433 33189 33276 128 0 255
33433 33540 33818 128 0 255
33433 33818 34072 128 0 255
34463 34815 34727 255 255 0
35497 35517 35709 255 255 0
35498 35060 35020 255 255 0
35498 35206 35611 255 255 0
36542 36552 36626 255 255 0
30395 29851 30024 255 255 0
30395 29958 29851 255 255 0
30395 31091 31307 255 255 0
36554 36651 36512 0 0 255
37579 37381 37382 255 0 0
37579 37513 37381 255 0 0
34507 34570 34861 255 255 0
35544 35405 35266 255 255 0
35544 36129 35723 255 255 0
32466 32427 32406 255 255 0
36582 37025 36304 0 255 0
33516 32885 33217 128 0 255
35577 35411 35182 0 0 255
35577 35650 35411 0 0 255
35577 35892 35650 0 0 255
35580 35621 35923 255 255 0
35580 35923 35420 255 255 0
33528 33862 34579 255 0 0
35584 35580 35558 255 255 0
35596 36373 35775 255 255 0
34571 34458 34054 0 0 255
34571 34506 34693 255 255 0
40746 39930 40955 255 0 0
34579 33653 33528 255 0 0
34579 34856 35008 255 0 0
31529 31829 31475 255 255 0
41759 41903 42036 255 255 0
41759 41452 41903 255 255 0
31547 31820 31688 255 255 0
41710 41763 41332 255 255 0
41710 41923 41831 255 255 0
33609 33365 33121 255 255 0
30548 30569 30760 255 0 0
30548 30739 30725 255 0 0
34645 34931 34881 255 0 0
34645 34953 35028 255 255 0
34645 35005 34498 255 255 0
35676 35785 36243 0 255 0
35677 35022 36729 0 255 0
35677 35630 35251 0 255 0
35212 35007 34836 255 255 0
40830 42324 41592 0 255 0
40830 42443 42884 0 255 0
40831 40589 41133 255 0 0
40831 40972 40797 255 255 0
35696 34815 35493 255 0 0
35696 35220 34815 255 0 0
35696 35493 35730 255 0 0
35696 35863 36111 255 0 0
35699 35060 36149 128 0 255
40840 39898 40318 255 0 0
40840 39930 39898 255 255 0
30587 30343 30333 0 255 0
43923 44150 44034 255 255 0
43925 44026 43815 0 0 255
35724 35373 35732 255 255 0
33686 34519 34076 255 255 0
32658 32686 32616 255 0 0
32659 32319 32448 255 255 0
32659 32448 32608 255 255 0
31642 31207 30967 0 255 0
30627 31090 30547 255 255 0
35769 35229 35529 128 0 255
31682 31536 30772 128 0 255
35785 35622 35613 0 255 0
35785 35918 36247 0 255 0
33734 33429 33878 255 0 0
33734 34098 34548 255 0 0
32708 32479 31934 255 255 0
38865 39135 38947 255 255 0
41936 41955 42175 128 0 255
41936 42175 42111 128 0 255
41937 41825 42061 255 255 0
35795 35745 36319 0 255 0
37839 37853 38021 128 0 255
37839 37984 38066 128 0 255
37839 38066 37700 128 0 255
31701 31828 32310 0 255 0
40933 41289 41169 255 255 0
40934 41221 41321 255 0 0
31701 31861 31956 0 255 0
31701 31956 31642 0 255 0
30747 31106 31358 255 255 0
35816 36199 36342 128 0 255
35817 35801 36289 255 255 0
33767 33684 33768 255 0 0
33767 33846 33963 255 0 0
38898 38494 38412 128 0 255
35831 35596 35394 255 255 0
35831 35723 36036 255 255 0
37885 37675 37922 128 0 255
37886 37817 37643 255 0 0
37885 37922 38068 128 0 255
34814 35171 34999 255 255 0
34815 34463 34317 255 255 0
34815 35220 34727 255 255 0
34816 34695 34737 255 0 0
30725 30739 30900 255 0 0
34824 35053 36074 128 0 255
33818 33540 33658 128 0 255
33818 34589 34072 128 0 255
30747 30593 30896 255 255 0
35882 35229 35769 128 0 255
