958 1230 936
1774 1659 1877
1775 1660 1638
597 847 677
598 511 372
1246 1196 1231
1246 1231 1302
1247 1659 1429
599 870 891
600 608 776
1248 993 1177
1249 880 1392
1250 924 853
1250 986 1293
1251 1358 1393
1251 1393 1198
1252 1236 1373
151 50 16
151 16 52
1777 1796 1748
1778 1735 1592
1779 1685 1716
1779 1716 1865
1254 1260 1212
1254 1340 1260
1257 1085 1433
1257 1805 1498
610 712 733
1261 1458 1326
612 222 457
612 500 370
612 991 1372
612 1372 1149
613 569 537
614 716 417
1782 1736 1801
1263 1292 1469
616 865 775
617 285 623
617 694 512
1262 1417 1385
1782 1783 1649
1263 1084 1292
1263 1200 1084
155 126 815
155 960 934
1267 1323 1133
1269 1762 1466
1270 1271 868
1270 1353 1745
1270 1443 1271
1274 1125 1312
627 477 671
627 763 536
626 1000 858
1275 1192 1725
1274 1311 1039
628 356 515
628 580 583
631 620 919
1277 896 718
1277 1822 1461
1278 1060 708
1279 1709 1537
633 572 709
1786 1702 1700
635 940 585
632 584 412
631 687 538
632 649 826
638 1242 1424
1280 1994 1995
1280 1996 1998
641 464 535
641 924 715
1793 1785 1421
644 611 481
645 634 425
645 1028 634
647 784 1130
1793 1861 1896
1794 1788 1796
1288 1375 1317
1288 1470 1375
650 555 386
650 977 679
651 117 316
160 87 44
159 92 281
1798 1792 1796
1797 1843 1809
1930 1965 1986
655 1466 346
656 642 812
1292 1532 1577
664 69 3
664 1997 1083
1799 1888 1728
1800 1734 1703
1800 1826 1837
166 132 107
1310 1093 1327
1310 1550 1139
668 396 352
669 365 489
669 489 705
1980 1990 1991
670 681 482
1807 1853 1654
1808 1691 1784
1808 1784 1849
673 469 440
673 856 565
1810 1527 1701
1318 1220 1395
1319 1405 1297
1320 1305 997
1321 1330 1345
1810 1701 1844
676 640 722
677 720 596
678 470 531
1325 1488 1352
683 704 846
684 738 749
684 749 712
685 761 646
686 748 620
687 631 915
1331 1509 1191
1331 1616 1626
1332 1393 1501
1332 1501 1322
176 96 42
176 42 149
175 75 350
690 752 527
691 418 459
691 746 663
692 581 566
692 683 846
692 771 581
692 897 800
694 478 512
694 619 478
694 961 619
694 979 961
695 750 861
696 470 678
696 962 929
1336 1333 1476
698 652 829
698 829 945
699 461 581
1819 1780 1742
188 237 356
188 246 197
1343 1499 1468
1344 789 1408
717 835 1002
719 851 1077
720 677 847
720 738 684
723 899 787
724 522 863
1981 1989 1992
1348 1377 1391
1351 1421 1785
725 1205 1337
1829 1881 1936
1354 1348 1311
1354 1379 1348
1355 1221 1258
1356 1693 1891
727 657 754
1831 1894 1878
1832 1757 1739
1832 1919 1905
1361 1120 1607
1361 1607 1664
1361 1664 1544
200 42 49
199 105 115
1362 1500 1256
1363 1316 1350
1363 1324 1145
1364 1086 1329
1364 1434 1388
734 601 629
734 605 682
735 871 1096
735 1096 507
736 486 781
1367 1653 1465
1369 924 1250
1374 1418 1365
1836 965 1248
1836 1248 1456
741 680 765
741 782 878
1836 1956 1910
744 706 541
1377 1503 1391
1378 1473 1272
1378 1624 1473
1379 1376 1348
747 1051 997
748 919 620
749 733 712
750 695 557
750 813 955
217 308 157
217 479 410
218 67 170
751 1127 1059
752 826 935
755 926 1284
755 1284 837
756 467 446
1388 1697 1414
1389 1580 1789
1390 1266 1542
756 606 845
756 845 1012
1392 820 1087
1392 880 556
219 268 375
220 120 210
220 325 432
220 432 275
1397 1471 1584
1398 1284 1565
1398 1383 1222
1399 1233 1440
221 114 139
1862 1867 1893
1839 1917 1876
224 94 211
224 302 486
227 127 203
228 137 180
1406 950 1445
771 860 808
772 662 760
777 710 582
778 887 930
779 895 544
233 125 205
782 741 765
783 665 920
784 666 1130
233 165 125
1847 1795 1812
787 499 723
787 525 499
790 1106 886
793 1042 136
794 654 901
239 304 277
1415 1629 1447
798 1019 1215
798 1215 862
799 753 921
799 921 939
799 1021 999
800 897 988
800 992 860
801 667 881
801 874 879
802 609 543
243 121 245
1854 1912 1882
244 96 176
244 176 790
809 697 625
809 729 758
33 20 13
1856 1903 1889
1857 1811 1921
817 377 555
1426 1264 1132
1426 1556 1411
818 670 637
1426 1581 1556
818 1056 978
819 822 598
1427 1098 1547
1428 1294 1454
1426 1609 1581
1429 1253 1011
1430 1079 1228
1430 1300 1079
1858 1938 1959
824 1154 922
825 828 1047
1431 1776 1929
1432 1041 1587
1434 1410 1502
1434 1562 1388
1435 1609 1426
1436 1018 1227
1436 1506 1189
1436 1855 1743
1863 1915 1943
1437 1425 1309
831 894 678
831 1441 894
832 489 855
832 705 769
1863 1943 1861
1864 1885 1940
1440 1570 1399
1866 1909 1978
38 18 59
1441 1596 1710
1444 1268 1412
1867 1827 1791
39 10 4
841 799 999
842 270 524
842 857 937
842 867 270
844 803 713
844 833 1078
844 1078 803
847 917 838
850 770 517
851 719 807
264 208 191
264 252 314
265 235 394
264 191 252
1869 1845 1687
1462 1457 1438
1463 1588 1327
1464 1035 1645
1466 1747 1308
1467 1396 1483
1467 1483 1737
1467 1496 998
859 636 803
269 287 333
1468 1460 1298
270 315 524
867 984 673
41 35 14
276 148 272
1472 1662 1394
1472 1781 1662
1474 1439 1403
1475 1123 651
280 708 182
1477 1593 1334
1477 1612 1593
1478 1338 1342
872 734 703
872 791 734
873 634 1028
873 711 558
873 1651 1449
282 321 207
1481 1522 1830
1482 1451 1658
285 390 342
877 1052 941
880 1249 938
882 811 689
1491 1485 1668
1491 1497 1341
289 99 60
289 196 288
289 532 426
885 792 903
885 903 1085
290 461 839
291 299 310
291 338 458
292 1202 24
889 898 805
293 423 163
293 1024 850
294 168 82
294 431 168
295 194 283
43 212 378
1972 1985 1954
298 348 560
1500 1382 1493
1500 1665 1804
1887 1967 1972
1888 1872 1958
1888 1958 1976
1888 1976 1988
895 1138 834
895 1143 1138
46 21 5
46 74 100
303 312 179
303 446 312
1503 1870 1557
904 608 950
904 1407 1072
905 534 621
905 816 534
1507 1630 1523
1508 1455 1347
1508 1536 1852
1509 1207 1178
1509 1331 1626
906 407 247
1510 1442 1416
908 1276 1030
909 839 852
910 759 925
1510 1416 1561
907 740 480
1511 1472 1387
911 1134 575
912 539 563
916 672 451
916 1225 1520
916 1370 672
1513 1627 1601
1514 1416 1170
917 733 838
917 996 810
918 857 524
1895 1810 1844
313 403 415
1517 1450 1418
314 278 387
925 1063 1045
927 1151 913
928 768 885
1519 1495 1531
930 659 778
318 843 519
319 173 190
319 190 327
931 688 737
931 942 1357
930 887 1238
931 737 942
1524 1589 1532
1525 1418 1510
1526 1487 1613
322 444 454
322 454 230
323 269 333
933 854 1046
935 1043 1004
936 614 595
936 716 614
1529 1448 1286
1529 1688 1714
1528 1818 1730
1531 1495 1494
1532 1296 1524
1530 1665 1500
324 255 593
324 450 250
1534 1587 1404
1534 1636 1587
1534 1741 1740
1535 1126 1723
1535 1723 1806
54 11 29
328 416 343
1541 1671 1755
1541 1755 1628
331 507 273
332 185 108
332 354 185
332 430 615
949 763 914
949 795 518
949 914 1420
950 608 1171
950 1171 1692
57 37 9
58 15 30
956 952 989
957 826 910
957 910 1045
957 1007 826
957 1038 1007
339 446 303
959 952 807
1900 1886 1847
1901 1873 1898
1902 1838 1840
341 55 7
960 1287 934
1547 1186 1632
1546 1417 1185
1547 1632 1642
1547 1642 1427
341 248 55
344 548 206
345 319 382
63 51 25
1552 1758 1883
1553 1634 1428
1554 378 1265
64 146 28
967 688 931
967 773 693
1559 1159 1136
1559 1169 1159
1559 1595 1281
969 1257 1090
969 948 768
970 936 1243
970 1193 1117
971 827 731
1560 1652 1656
973 943 791
974 1001 1759
972 882 1025
355 327 171
356 237 393
976 643 888
977 650 681
1563 1698 1696
1564 1480 1548
1248 923 993
1565 1284 1610
1565 1545 1398
1566 1586 1705
1567 1568 1652
360 330 257
361 280 238
362 1314 1549
1568 1583 1605
1568 1605 1652
1570 1763 1585
1571 1402 1446
985 981 848
986 639 866
987 1 0
987 2 1
987 359 2
364 145 177
364 619 514
363 814 743
1572 1414 1724
112 168 231
990 544 834
990 653 456
365 286 172
1573 1068 1591
1573 1463 1276
1574 1582 1674
1574 1674 1567
68 102 78
366 232 313
366 313 415
366 483 799
1576 1461 1732
367 283 425
367 425 634
367 634 388
1578 1371 1381
1577 1631 1469
1576 1732 1673
368 311 249
368 408 311
1578 1381 1384
998 1315 1467
999 1058 841
1005 1413 1239
1006 707 1018
373 242 65
376 226 195
376 389 225
1009 1131 1300
1010 701 788
1010 1186 701
1913 1964 1973
380 284 637
1012 1295 1144
1012 1322 1295
1013 1049 1116
1013 1116 975
1598 1603 1252
1598 1747 1833
1599 1615 1293
71 31 23
70 32 6
384 263 301
384 301 539
1016 1108 1132
1016 1132 946
385 19 830
1017 728 817
1602 1604 1590
1602 1637 1768
1019 1080 1306
1019 1306 1533
1603 1833 1729
1019 798 661
1603 1598 1833
1916 1874 1920
395 326 192
1022 865 616
1918 1850 1931
1918 1931 1966
398 414 485
399 126 424
400 353 215
400 600 757
400 721 353
1609 1803 1704
1027 1075 889
1028 602 766
1028 645 602
1028 766 974
1029 1033 1235
1029 1077 851
1611 1832 1905
1033 954 956
403 169 309
403 232 169
406 416 371
1037 1075 1027
1038 1045 1082
1038 1049 1007
1617 1635 1367
1617 1772 1835
1618 1515 1754
409 589 592
410 308 217
410 639 535
411 429 701
412 229 253
1619 1657 1622
1620 1622 1675
412 253 202
1619 1622 1512
78 12 17
1619 1623 1675
1619 1513 1575
77 137 228
77 128 22
413 414 154
413 630 414
79 8 40
79 27 8
79 178 122
1924 1944 1906
1924 1979 1947
1925 1899 1954
1049 1082 1116
1050 902 1008
1925 1928 1892
80 72 53
80 106 72
81 56 47
1926 1891 1989
1054 951 892
1054 1168 1137
1055 1044 1297
419 337 266
419 358 700
1055 1297 1290
420 441 488
421 267 665
421 594 472
1056 1607 1120
1631 1608 1452
1930 1824 1841
1930 1841 1965
1058 872 841
1059 953 751
1059 1091 1048
1060 714 708
1633 1505 1551
1633 1551 1569
430 332 183
1061 1245 1134
1063 1031 1192
1063 1109 1045
1064 681 978
1064 1361 1206
1065 624 812
430 183 286
433 302 211
434 216 504
435 256 296
1066 1023 1097
1066 1414 1034
1067 947 1282
436 421 472
1068 526 732
1068 724 863
1068 732 724
1067 1282 1167
86 48 335
86 347 350
438 268 223
1069 1071 804
438 1176 576
439 228 369
1070 1337 1492
1638 774 1880
1639 1579 1661
1639 1661 1700
1639 1702 1711
1074 1164 1122
1075 1037 1137
1075 1135 1062
1640 1738 1479
1642 1632 1765
1641 1714 1650
1076 876 1099
1076 1026 876
1076 1073 1088
1078 1220 994
1078 1224 1494
1078 1395 1220
1644 1752 1416
1643 1591 1558
1643 1680 1699
1644 1820 1752
1934 1982 1970
630 849 884
1935 1927 1871
88 34 26
88 73 116
1648 1614 1726
89 36 123
447 340 271
447 533 658
448 357 416
449 424 305
450 258 279
453 463 475
453 474 473
1653 1908 1597
1654 1409 1422
1941 1910 1957
1095 1040 963
1095 1107 1155
93 62 90
1942 1486 1922
1942 1962 1987
1096 1459 1204
1097 1023 1020
1097 1414 1066
1098 350 796
1099 850 1152
1100 961 979
459 150 437
460 293 354
1102 1307 1201
1665 1540 1678
1666 1683 1587
1666 1708 1744
1666 1733 1760
1666 1766 1683
1667 1666 1760
1667 1672 1679
95 242 251
1670 1588 1663
1670 1684 1719
1104 1398 1222
465 527 424
466 452 625
466 462 351
1105 1101 607
1108 875 1151
1945 1923 1932
1946 1963 1975
98 174 186
98 186 153
1676 1684 1682
1676 1695 1689
1677 1715 1571
1677 1825 1715
1111 869 859
1112 849 1176
1112 1453 1299
1678 1540 1594
472 455 436
1111 859 994
1110 1291 1419
1949 1911 1968
1950 1859 1851
477 156 307
477 307 521
1952 1853 1939
1951 1914 1933
1948 1846 1879
1953 1960 1897
1114 1092 1212
1115 1003 1036
1117 890 970
1686 1283 1685
1686 1625 1283
1118 1289 1053
1119 1380 980
1121 1091 1059
486 736 381
484 1413 823
487 401 604
1124 674 767
1124 767 945
1124 945 1489
109 56 81
109 81 135
490 785 900
109 152 143
491 402 702
1690 1661 1579
1128 1323 1172
1130 1162 647
111 45 124
493 742 234
494 422 513
494 490 274
494 513 785
494 785 490
495 259 317
495 660 646
111 164 101
495 797 259
112 103 76
111 187 164
496 184 379
497 354 332
498 300 462
498 618 570
501 779 544
502 306 254
503 330 468
118 97 85
507 881 667
508 405 506
1140 1129 158
1140 1955 1993
1140 1974 1955
508 549 547
509 404 366
508 445 405
508 506 559
509 550 577
509 492 404
510 636 754
1141 1015 968
514 619 1145
515 356 393
1706 1613 1504
1706 1646 1613
516 297 626
515 393 551
1148 944 1244
1149 1339 966
1149 1515 1339
1150 1181 1359
1153 1255 1116
1154 824 1199
1712 1655 1647
1712 1771 1834
1156 1057 1067
1712 1834 1848
1961 1977 1855
1961 1855 1868
1157 1213 982
1157 1324 1213
1158 983 1240
1158 1329 1086
1713 1727 1501
1713 1904 1727
1160 1229 1286
523 336 701
1161 1210 1183
528 397 241
529 840 84
1166 1303 1328
1165 1385 1285
530 392 484
1168 1054 1164
1168 1164 1188
1716 1828 1865
1717 1521 1484
1717 1606 1521
1718 1459 1543
531 831 678
532 505 426
532 661 505
1719 1790 1681
1719 1802 1884
1174 1366 1645
1175 1163 1161
1175 1214 1163
129 61 204
1720 1032 864
1720 1042 1890
1721 1753 1816
1722 1764 1600
1179 1069 1173
1179 1071 1069
542 806 745
543 452 453
1182 893 1555
1182 1821 1934
1182 1974 1140
545 262 397
1184 1147 1346
1184 1259 1147
1185 979 964
546 391 471
130 181 66
131 36 83
1730 1818 1907
1731 1875 1750
1186 1765 1632
1187 1380 1386
1188 1164 1180
1189 764 1006
1189 1006 1436
551 572 633
551 628 583
552 260 329
552 329 675
1191 1509 1178
553 1162 821
554 455 594
1194 1241 1400
1195 1209 1389
1195 1389 1789
1196 1142 1190
1196 1146 1142
1196 1246 1146
1197 1223 1401
558 562 873
558 573 387
558 711 573
1197 1401 1130
1202 1842 24
1203 1360 1255
1204 1301 1094
565 334 428
565 786 780
567 317 553
567 495 317
1744 1761 1823
568 442 454
1208 1335 1349
568 564 520
138 104 113
138 147 201
138 189 209
1210 1331 1183
1211 968 932
1211 995 1318
1749 1797 1694
1211 1313 1273
571 213 198
571 259 730
571 704 374
140 167 119
1751 1814 1787
1752 1561 1416
574 648 836
575 476 911
575 603 443
141 193 131
142 110 133
142 214 337
1216 1368 1089
1217 858 1000
143 161 109
144 134 236
144 162 91
577 726 703
1218 1516 1518
1219 1162 1538
578 568 588
578 590 568
579 739 513
1221 1378 1272
1221 1423 1378
1756 1707 1815
1756 1773 1669
1223 1041 1401
1223 1197 1014
1971 1984 1983
581 771 699
1225 762 1103
1225 1606 1520
1226 1081 883
1227 938 1304
1228 740 1281
585 383 635
585 548 427
585 940 829
586 540 356
586 759 540
587 561 261
1233 1113 1017
1232 1490 1431
1233 1399 1113
1235 1077 1029
1234 1288 1317
146 349 240
146 199 349
1759 1937 1969
1237 1217 1617
1237 1367 779
1237 1617 1367
591 622 665
592 425 409
592 602 425
592 974 766
593 255 320
1768 1604 1602
1240 1539 1746
1240 1746 1621
1768 1705 1604
1767 1600 1764
1769 1813 1749
1770 1817 1690
1770 1860 1817
